6080589	6095692	97
18482420	18502796	238
20838076	20873757	240
7023281	7034623	73
9914373	9915349	25
4166848	4174019	69
5188857	5189742	6
8166631	8179034	87
21298349	21331353	177
15953609	15971526	114
18163698	18195954	162
4045452	4053522	48
12060134	12064689	26
1711134	1711929	11
22439693	22456893	117
11956447	11971405	100
404676	427810	155
14112532	14115541	15
11406868	11421918	92
13410797	13415056	18
2399705	2414064	86
6345106	6360844	142
1894138	1898969	31
22166626	22183806	113
16309860	16323454	62
17669473	17680810	59
11294821	11305817	119
21332405	21360570	176
21055157	21086528	373
17999061	18003786	36
10048325	10063403	125
14686305	14728598	322
16881971	17181315	2141
17694657	17697344	20
1634340	1641582	43
14496069	14502344	51
1770143	1774706	32
11590474	11605898	96
13687265	13689907	9
10545928	10556954	70
27495	41042	98
11637455	11645089	41
13711345	13727970	104
1500883	1509301	42
2215932	2235258	342
19508249	19530538	178
1743362	1746568	34
17605426	17634668	211
584902	592973	50
6281790	6289655	54
13497701	13499629	14
11307153	11311352	24
16675916	16693492	117
5401123	5427619	159
15149374	15172237	271
15937355	15939276	14
18864232	18870840	43
2363289	2376539	62
2113230	2119163	89
12814181	12823181	45
21821824	21909549	556
13368854	13392253	122
5329609	5331977	16
6260028	6268254	37
11406868	11421918	92
10206701	10231128	215
1139773	1141207	11
1142306	1155900	84
17735347	17749179	74
3717520	3727153	52
6260028	6268254	37
11369056	11384100	168
14660394	14684921	202
312000	332596	92
5104750	5114605	47
6303618	6310533	38
11291195	11293820	12
2538559	2581166	461
5148405	5156526	34
2950925	2992385	192
18871853	19004839	1234
2903328	2914240	74
14238563	14242494	13
7152366	7156704	30
20833419	20837066	24
15290402	15367921	520
17528432	17530449	11
3855116	3869237	43
16772247	16778272	19
21112838	21165915	442
15180306	15228864	1003
10836246	10944461	1090
13054527	13084593	179
20614379	20629035	75
6017132	6036283	110
3998049	4010195	74
4689225	4701939	86
17974788	17985311	49
21202033	21270173	467
20468499	20472873	39
15741244	15751840	85
18430170	18468125	239
5683011	5697562	70
14915709	14958003	323
22982667	23053368	472
11432007	11503518	614
23114244	23223076	943
2739765	2774573	175
2296516	2352088	398
5242946	5244125	8
1461830	1479622	101
3118825	3146726	185
19043912	19060394	104
12166845	12186930	101
10335495	10359543	279
4901385	4916126	146
11123377	11130656	44
16754857	16766925	59
17275228	17309496	177
15002541	15049110	369
743984	749024	56
929871	958688	161
13239049	13269118	180
18826836	18850144	142
13656406	13686207	192
11678352	11696653	100
3241905	3246686	17
1630335	1632579	6
18012050	18024658	55
11808754	11846098	208
1519184	1520213	9
22716553	22723166	53
11672909	11677306	30
4853122	4900045	455
52	9766	167
5469027	5479928	135
10416650	10423239	39
5242946	5244125	8
11634711	11636101	6
2739765	2774573	175
1856646	1862647	42
8807100	8831658	357
5401123	5427619	159
17821041	17868902	290
22804427	22810397	35
1244950	1259878	125
11938505	11955415	70
8735568	8737714	12
8674523	8714879	434
12824410	12832091	37
10478947	10480839	7
23575970	23603792	298
1179059	1201833	132
15833384	15936259	962
11672909	11677306	30
20300313	20336886	295
17802761	17805436	11
23061014	23113061	337
9997719	10038082	232
20874828	20903236	219
22545768	22547477	12
12952326	12957521	31
3392155	3393550	11
13211028	13213617	13
19508249	19530538	178
5218482	5241940	108
11873507	11875135	8
9204233	9326861	1516
1586613	1594436	24
14145213	14194328	241
10289299	10298976	60
10463132	10477714	54
18551693	18557301	35
8180127	8187130	27
20337906	20421078	543
11062718	11064752	35
10994748	11006241	55
1119151	1120888	13
18858790	18863192	45
18728119	18747859	197
13996666	14008511	64
11399878	11405696	40
6077256	6079416	11
962936	972220	61
13996666	14008511	64
4064960	4069596	21
19013155	19030844	94
3965038	3972130	45
5671320	5681880	58
17735347	17749179	74
20212145	20216039	34
14496069	14502344	51
9997719	10038082	232
13452355	13457794	25
13368854	13392253	122
6062483	6066719	19
4054634	4063929	44
20749020	20750804	11
9840454	9865752	188
16675916	16693492	117
5586526	5606907	98
6067733	6076024	66
3795614	3797214	10
9840454	9865752	188
9383266	9425822	378
1775849	1790756	106
20833419	20837066	24
14993546	15001507	50
1456770	1460755	15
1032984	1033753	6
743984	749024	56
16856562	16865566	56
15802200	15832304	205
20662198	20676936	59
5027068	5080788	291
22523734	22525532	9
18826836	18850144	142
16413699	16422630	87
17713772	17734287	95
17318672	17332081	53
19375978	19438788	352
3697680	3699679	10
14116890	14119491	13
11399878	11405696	40
16070750	16079834	48
121511	147419	144
8180127	8187130	27
4625125	4673232	319
9952944	9953943	8
16835754	16838700	11
3438033	3442500	12
8874533	8952272	439
4812075	4821560	78
10403113	10408628	29
16835754	16838700	11
1951096	1959723	56
11399878	11405696	40
20153922	20210979	372
17486643	17491117	18
19869261	20152816	2876
13612908	13625233	94
6314890	6319185	23
3183793	3187828	23
3271802	3273616	12
3798525	3800600	17
21821824	21909549	556
14243655	14251076	39
761627	769376	46
10859	26207	110
12743345	12781449	253
19531736	19567255	277
4702960	4737716	210
15180306	15228864	1003
3897807	3906956	57
20153922	20210979	372
2126178	2136640	53
22548497	22571521	113
1630335	1632579	6
7314308	7318376	35
7115694	7124377	45
14472069	14494933	269
10478947	10480839	7
2415373	2456546	265
11847214	11863045	84
14400909	14413578	62
9952944	9953943	8
644853	686277	253
13022794	13024290	9
14652406	14659348	36
8320302	8654069	6478
9082834	9085256	9
11808754	11846098	208
4175454	4224920	427
23281766	23286080	29
2936129	2942413	26
20838076	20873757	240
23291357	23303926	54
7125537	7140366	105
17972946	17973737	11
19375978	19438788	352
15690784	15739846	335
16044847	16050444	28
18601571	18611410	46
17185620	17194430	84
2155176	2157677	15
19043912	19060394	104
17261196	17273342	58
20655984	20660903	27
2950925	2992385	192
3913583	3922731	57
16064618	16069706	18
11114880	11122225	23
404676	427810	155
8715971	8734318	140
3438033	3442500	12
1244950	1259878	125
12369063	12391782	119
14052164	14065293	97
3450889	3457349	36
9997719	10038082	232
13961333	13993513	138
9709029	9712130	26
6963904	6996171	283
4011240	4021497	42
17493777	17507552	47
17989798	17991691	23
2236491	2276032	311
1871576	1877736	49
12712782	12738443	108
13361997	13367415	40
312000	332596	92
6017132	6036283	110
22161638	22165539	22
17486643	17491117	18
19061648	19067948	34
2091862	2106045	70
14913032	14914634	12
3700717	3716372	101
1630335	1632579	6
2496130	2524168	148
3998049	4010195	74
11746798	11747787	15
5396316	5400025	19
11200066	11223069	101
20726782	20744751	116
8970657	8980650	60
19035412	19041414	66
5291127	5293060	10
14354973	14373689	118
5481037	5488029	28
10481902	10509436	152
10478947	10480839	7
6067733	6076024	66
1025592	1031862	32
4045452	4053522	48
9067795	9081321	70
1157218	1168302	89
3405938	3431194	110
52	9766	167
11552597	11554668	12
16413699	16422630	87
16790245	16810621	151
3072803	3084826	46
22811594	22848490	235
19088759	19147646	562
23281766	23286080	29
3801741	3825523	135
9067795	9081321	70
5311699	5325067	59
6361912	6373503	56
14018985	14030516	88
9760816	9809557	474
1791928	1817773	127
16241986	16248462	64
22804427	22810397	35
12195984	12236872	324
13656406	13686207	192
5093516	5101701	42
12852644	12869110	68
14503518	14533120	304
14116890	14119491	13
827489	842712	144
20560095	20583443	179
1290783	1295873	25
16790245	16810621	151
1290783	1295873	25
12902352	12925186	103
11774491	11775692	6
18259894	18427273	1854
16772247	16778272	19
1818797	1840364	117
7152366	7156704	30
8017719	8165577	1853
42370	47212	34
5607932	5619757	59
1105443	1117921	75
16546697	16607193	473
11312460	11316681	28
17486643	17491117	18
16333568	16380063	303
962936	972220	61
14195432	14197937	32
18813669	18825700	66
3913583	3922731	57
6375247	6379661	12
2835671	2841994	31
687708	742768	293
12467535	12483769	84
10478947	10480839	7
1747635	1768830	148
13594352	13604326	81
3578917	3696293	839
17970899	17971872	6
7141727	7151303	114
5698915	5705601	28
13239049	13269118	180
11672909	11677306	30
16035663	16039799	36
13472023	13496664	123
1923222	1928192	17
21087714	21104889	113
11556304	11577293	110
3267240	3270393	21
5469027	5479928	135
14032093	14041441	46
1034901	1041804	29
5104750	5114605	47
15753558	15757281	19
6153780	6160610	53
22184992	22216360	372
6017132	6036283	110
6435441	6442352	50
11317698	11327130	55
48311	53087	30
12275409	12287214	64
12986465	12998899	67
1818797	1840364	117
17214993	17218083	8
13271060	13301844	169
17806801	17816770	47
20699959	20722988	112
3222042	3228722	58
22526735	22544703	116
14044509	14051035	48
17694657	17697344	20
1595553	1597001	10
9067795	9081321	70
7223817	7313123	1231
3839222	3843023	16
15940339	15952605	261
11399878	11405696	40
19498371	19506890	71
8715971	8734318	140
13458826	13468443	75
16513495	16517849	26
13452355	13457794	25
3032441	3071563	255
16044847	16050444	28
13361997	13367415	40
5396316	5400025	19
16070750	16079834	48
1964243	1980499	96
19508249	19530538	178
10994748	11006241	55
20874828	20903236	219
6130592	6152081	184
1157218	1168302	89
12440104	12444319	22
263357	267000	16
7141727	7151303	114
16812373	16823789	55
4689225	4701939	86
17818305	17819714	8
11637455	11645089	41
15270614	15289333	119
7208349	7220749	93
21974542	21999557	165
20752122	20813396	375
19061648	19067948	34
18099078	18100685	7
5932965	5988068	394
15180306	15228864	1003
1343433	1345968	11
15986875	15995268	38
5218482	5241940	108
20290673	20299192	71
973567	981172	38
19816957	19868155	370
3494208	3537068	339
16856562	16865566	56
14595201	14641767	368
1894138	1898969	31
18864232	18870840	43
13585438	13593351	30
11224421	11229824	26
22328558	22367213	349
17261196	17273342	58
13239049	13269118	180
11385457	11398868	189
17735347	17749179	74
13368854	13392253	122
16856562	16865566	56
17235073	17244572	39
11277445	11289619	75
4071015	4091557	146
16491357	16511094	89
17540177	17551869	110
22850374	22934083	548
10677714	10715645	314
1711134	1711929	11
19375978	19438788	352
11904990	11917169	63
14121145	14124314	16
1871576	1877736	49
20833419	20837066	24
22368275	22396680	218
4410482	4439269	226
17681855	17693487	76
13000158	13006688	31
8954777	8968513	57
